0	0	0	1	0	0	0
0	0	1	0	1	0	0
0	0	1	0	1	0	0
0	1	0	0	0	1	0
0	1	0	0	0	1	0
0	1	1	1	1	1	0
1	0	0	0	0	0	1
1	0	0	0	0	0	1
1	0	0	0	0	0	1
1	0	0	0	0	0	1

 111 
1   1
11111
1   1
1   1
1111 
1   1
1111 
1   1
1111 
 111 
1   1
1    
1   1
 111 
1111 
1   1
1   1
1   1
1111 
11111
1    
111  
1    
11111
11111
1    
111  
1    
1    
 1111
1    
1  11
1   1
 111
1   1
1   1
11111
1   1
1   1
11111
  1  
  1  
  1  
11111
    1
    1
    1
1   1
 111
1   1 
1  1 
111     
1   1
1    1
1     
1    
1    
1    
11111